400000
400000
400000
400000
400000
400000
400000
400000
400000
400000
400000
400000
400000
400000
400000
400000
400000
400000
400000
400000
400000
400000
400000
400000
400000
400000
400000
400000
400000
400000
400000
400000
400000
400000
400000
400000
400000
400000
400000
400000
400000
400000
400000
400000
400000
400000
400000
400000
400000
400000
400000
400000
400000
400000
400001
400001
400001
400001
400001
400001
400001
400001
400001
400001
400001
400002
400002
400002
400002
400002
400002
400002
400002
400002
400002
400002
400002
400002
400002
400002
400002
400002
400002
400002
400002
400002
400002
400002
400002
400002
400002
400002
400002
400002
400002
400002
400002
400002
400002
400002
400002
400002
400002
400002
400002
400002
400002
400002
400002
400002
400002
400002
400002
400002
400002
400002
400002
400002
400002
400002
400002
400002
400002
400002
400002
400002
400002
400002
400002
400002
400002
400002
400002
400002
400002
400002
400002
400002
400002
400002
400002
400002
400002
400002
400002
400002
400002
400002
400002
400002
400002
400002
400002
400002
400002
400002
400002
400002
400002
400002
400002
400002
400002
400002
400002
400002
400002
400002
400002
400002
400002
400002
400002
400002
400002
400002
400002
400002
400002
400002
400002
400002
400002
400002
400002
400002
400002
400002
400002
400002
400002
400002
400002
400002
400002
400002
400002
400002
400002
400002
400002
400002
400002
400002
400005
400005
400005
400005
400005
400005
400005
400005
400005
400005
400005
400005
400005
400005
400005
400005
400006
400006
400006
400006
400006
400006
400006
400006
400006
400006
400006
400006
400006
400006
400006
400006
400006
400006
400006
400006
400006
400006
400006
400006
400006
400006
400006
400006
400006
400006
400006
400006
400006
400006
400006
400006
400006
400006
400006
400006
400006
400006
400006
400006
400006
400006
400006
400006
400006
400006
400006
400007
400007
400007
400007
400007
400007
400007
400007
400007
400007
400007
400007
400009
400009
400009
400009
400009
400009
400010
400010
400010
400010
400010
400010
400010
400010
400010
400010
400010
400010
400010
400010
400010
400010
400010
400010
400010
400010
400010
400010
400010
400010
400010
400010
400010
400010
400010
400010
400010
400010
400010
400010
400011
400011
400011
400011
400011
400011
400011
400011
400011
400011
400011
400011
400011
400011
400011
400011
400011
400011
400011
400011
400011
400011
400011
400011
400011
400011
400011
400011
400011
400011
400011
400011
400011
400011
400011
400011
400011
400011
400011
400011
400011
400011
400011
400011
400011
400011
400011
400011
400011
400011
400011
400012
400012
400012
400012
400012
400012
400012
400012
400012
400012
400012
400012
400012
400012
400012
400012
400012
400012
400012
400012
400012
400012
400012
400012
400012
400012
400012
400012
400012
400012
400012
400012
400012
400012
400012
400012
400012
400012
400012
400012
400012
400012
400012
400012
400012
400012
400012
400012
400012
400012
400012
400012
400012
400012
400012
400012
400012
400015
400015
400015
400015
400015
400016
400016
400016
400017
400017
400017
400017
400019
400019
400019
400019
400019
400019
400019
400019
400019
400019
400019
400019
400019
400019
400019
400019
400019
400019
400019
400019
400019
400019
400019
400019
400020
400020
400020
400020
400020
400020
400020
400020
400020
400020
400020
400021
400021
400021
400021
400021
400021
400021
400021
400021
400021
400021
400021
400021
400021
400021
400021
400021
400021
400021
400021
400021
400021
400021
400021
400021
400021
400021
400021
400021
400021
400021
400021
400021
400021
400021
400021
400021
400021
400021
400021
400021
400021
400021
400021
400021
400021
400021
400021
400021
400021
400021
400021
400021
400021
400021
400021
400021
400021
400021
400021
400022
400022
400022
400022
400022
400022
400022
400022
400022
400022
400022
400022
400022
400022
400022
400022
400022
400022
400022
400022
400022
400022
400022
400022
400022
400022
400022
400022
400022
400022
400022
400022
400022
400022
400022
400022
400022
400022
400022
400022
400022
400022
400022
400022
400022
400022
400022
400022
400022
400022
400022
400022
400022
400022
400022
400022
400023
400023
400023
400023
400023
400023
400023
400023
400023
400023
400023
400023
400023
400023
400023
400023
400023
400023
400023
400023
400023
400023
400023
400023
400023
400023
400023
400023
400023
400023
400023
400023
400023
400023
400023
400023
400023
400023
400023
400023
400023
400023
400023
400023
400023
400023
400023
400023
400023
400023
400023
400023
400023
400023
400023
400023
400023
400023
400023
400023
400023
400023
400023
400023
400023
400023
400023
400023
400023
400023
400023
400023
400023
400023
400023
400023
400023
400023
400023
400023
400023
400023
400023
400023
400023
400023
400023
400023
400023
400023
400023
400023
400023
400023
400023
400023
400023
400023
400023
400023
400023
400023
400023
400023
400023
400023
400023
400023
400023
400023
400023
400023
400023
400023
400023
400023
400023
400023
400023
400023
400023
400023
400023
400023
400023
400023
400023
400023
400023
400023
400023
400023
400023
400023
400023
400023
400023
400023
400023
400023
400023
400023
400023
400023
400023
400023
400023
400023
400026
400026
400026
400026
400026
400026
400026
400026
400026
400029
400029
400029
400029
400029
400029
400029
400029
400029
400029
400029
400029
400029
400029
400029
400029
400029
400029
400029
400029
400029
400029
400029
400029
400029
400029
400029
400029
400029
400029
400029
400029
400029
400029
400029
400029
400029
400029
400029
400029
400029
400029
400029
400029
400029
400029
400029
400029
400029
400029
400029
400029
400029
400029
400029
400029
400029
400029
400029
400029
400029
400029
400029
400029
400029
400029
400029
400029
400029
400029
400029
400029
400029
400029
400029
400029
400029
400029
400031
400032
400032
400032
400032
400032
400032
400032
400032
400032
400032
400032
400032
400032
400032
400032
400032
400032
400032
400032
400032
400032
400032
400032
400033
400033
400034
400034
400034
400034
400034
400034
400034
400034
400034
400034
400034
400034
400034
400034
400034
400034
400034
400034
400034
400034
400034
400034
400034
400034
400034
400034
400034
400034
400034
400034
400034
400034
400034
400034
400034
400034
400034
400034
400034
400034
400034
400034
400034
400034
400034
400034
400034
400034
400034
400034
400034
400034
400034
400034
400034
400034
400034
400034
400034
400034
400034
400034
400034
400034
400034
400034
400034
400034
400034
400034
400034
400034
400034
400034
400034
400034
400034
400034
400034
400034
400034
400034
400034
400034
400034
400034
400034
400034
400034
400034
400034
400034
400034
400034
400036
400036
400038
400038
400038
400038
400038
400038
400038
400038
400038
400038
400038
400038
400038
400038
400038
400038
400038
400038
400038
400038
400038
400038
400038
400038
400038
400038
400038
400038
400038
400038
400038
400038
400038
400038
400038
400038
400038
400038
400038
400038
400038
400038
400038
400038
400038
400038
400038
400038
400038
400038
400038
400038
400038
400038
400038
400038
400038
400038
400038
400038
400038
400038
400038
400038
400038
400038
400038
400038
400038
400038
400038
400038
400038
400038
400038
400038
400038
400038
400038
400038
400038
400038
400038
400038
400038
400038
400038
400038
400038
400038
400038
400038
400038
400038
400038
400038
400038
400039
400039
400039
400039
400039
400039
400039
400039
400039
400039
400039
400039
400039
400039
400039
400039
400039
400039
400039
400039
400039
400039
400039
400039
400039
400039
400039
400039
400039
400039
400039
400039
400039
400039
400039
400039
400039
400039
400039
400039
400039
400039
400039
400039
400039
400039
400039
400039
400039
400039
400039
400039
400039
400039
400039
400039
400039
400039
400039
400039
400039
400039
400039
400039
400039
400039
400039
400039
400039
400039
400039
400039
400039
400039
400039
400039
400039
400039
400039
400039
400039
400039
400039
400039
400039
400039
400039
400039
400039
400039
400039
400039
400039
400039
400039
400039
400039
400039
400039
400039
400039
400039
400039
400039
400039
400039
400039
400039
400039
400039
400039
400039
400039
400039
400039
400039
400039
400039
400039
400039
400039
400039
400039
400039
400039
400039
400039
400039
400039
400039
400039
400039
400039
400039
400039
400039
400039
400039
400039
400039
400039
400039
400039
400039
400039
400039
400039
400039
400039
400039
400039
400039
400039
400039
400039
400039
400039
400039
400039
400039
400039
400039
400039
400039
400039
400039
400039
400039
400039
400039
400039
400039
400039
400039
400039
400039
400039
400039
400039
400039
400039
400039
400039
400039
400039
400039
400039
400039
400039
400039
400039
400039
400039
400039
400039
400039
400039
400039
400039
400039
400039
400039
400039
400039
400039
400039
400039
400039
400039
400039
400039
400039
400039
400039
400039
400039
400039
400039
400039
400039
400039
400039
400039
400039
400039
400039
400039
400039
400039
400039
400039
400039
400039
400039
400039
400039
400039
400039
400039
400039
400039
400039
400039
400039
400039
400039
400039
400039
400039
400039
400039
400039
400039
400039
400039
400039
400039
400039
400039
400039
400039
400039
400039
400039
400039
400039
400039
400039
400039
400039
400039
400039
400039
400039
400039
400039
400039
400039
400039
400039
400039
400039
400039
400039
400039
400039
400039
400039
400039
400039
400039
400039
400039
400039
400039
400039
400039
400039
400039
400039
400039
400039
400039
400039
400039
400039
400039
400039
400039
400039
400039
400039
400039
400039
400039
400039
400039
400039
400039
400039
400039
400039
400039
400039
400039
400039
400039
400039
400039
400039
400039
400039
400039
400039
400039
400039
400039
400039
400039
400039
400039
400039
400039
400039
400039
400039
400039
400039
400039
400039
400039
400039
400039
400039
400039
400039
400039
400039
400039
400039
400039
400039
400039
400039
400039
400039
400039
400039
400039
400039
400039
400039
400039
400039
400039
400039
400039
400040
400040
400040
400040
400040
400040
400040
400040
400040
400040
400040
400040
400040
400040
400040
400040
400040
400040
400040
400040
400040
400040
400040
400040
400040
400040
400040
400040
400040
400040
400040
400040
400040
400040
400040
400040
400040
400040
400040
400040
400040
400040
400040
400040
400040
400040
400046
400046
400046
400046
400046
400046
400046
400046
400046
400046
400046
400046
400046
400046
400046
400046
400046
400046
400046
400046
400046
400046
400046
400046
400046
400046
400046
400046
400046
400046
400046
400046
400046
400046
400046
400046
400046
400046
400046
400046
400046
400046
400046
400046
400046
400046
400046
400046
400046
400046
400046
400048
400048
400048
400048
400048
400048
400048
400048
400048
400048
400048
400048
400048
400048
400048
400048
400048
400048
400048
400048
400048
400048
400048
400048
400048
400048
400048
400048
400048
400048
400048
400048
400048
400048
400048
400048
400048
400048
400048
400048
400048
400048
400048
400048
400048
400048
400048
400048
400048
400048
400048
400048
400048
400048
400048
400048
400048
400048
400048
400050
400050
400050
400050
400050
400050
400050
400050
400050
400050
400051
400051
400051
400051
400051
400054
400054
400054
400054
400054
400054
400054
400054
400054
400054
400054
400054
400054
400054
400054
400054
400054
400054
400054
400054
400057
400057
400057
400057
400057
400057
400057
400057
400057
400057
400057
400057
400057
400057
400057
400057
400057
400057
400057
400057
400057
400057
400057
400057
400057
400057
400057
400057
400057
400057
400057
400057
400057
400057
400057
400057
400057
400057
400057
400057
400057
400057
400057
400058
400058
400058
400058
400058
400058
400058
400058
400058
400058
400058
400058
400058
400058
400058
400058
400058
400058
400059
400059
400059
400059
400059
400059
400059
400059
400059
400059
400059
400059
400059
400059
400059
400059
400059
400059
400059
400059
400059
400059
400059
400059
400059
400059
400059
400059
400059
400059
400059
400059
400059
400059
400062
400062
400062
400062
400062
400062
400062
400062
400062
400062
400062
400062
400062
400062
400062
400062
400062
400062
400062
400062
400062
400062
400062
400062
400062
400062
400062
400062
400062
400062
400062
400062
400062
400062
400062
400062
400062
400062
400062
400062
400062
400062
400062
400062
400062
400062
400063
400063
400063
400063
400064
400064
400064
400065
400065
400065
400065
400065
400065
400065
400065
400065
400065
400065
400065
400065
400065
400065
400065
400065
400065
400065
400065
400065
400065
400065
400065
400065
400065
400065
400065
400065
400065
400065
400066
400066
400066
400066
400066
400066
400066
400066
400066
400066
400066
400066
400066
400066
400066
400066
400066
400066
400066
400067
400067
400067
400067
400067
400067
400067
400067
400067
400067
400067
400067
400067
400067
400067
400067
400067
400067
400067
400067
400067
400067
400067
400067
400067
400067
400067
400067
400067
400067
400067
400067
400067
400067
400067
400067
400067
400067
400067
400067
400067
400067
400067
400067
400067
400067
400067
400067
400067
400067
400067
400067
400067
400067
400067
400067
400067
400067
400067
400067
400067
400067
400067
400067
400067
400067
400067
400067
400067
400067
400067
400067
400067
400067
400067
400067
400067
400067
400067
400067
400067
400067
400067
400067
400067
400067
400067
400067
400067
400067
400067
400067
400067
400067
400067
400067
400067
400067
400067
400067
400067
400067
400067
400069
400069
400069
400069
400069
400069
400069
400069
400069
400069
400069
400069
400069
400069
400069
400069
400069
400069
400069
400069
400069
400069
400069
400069
400069
400069
400069
400069
400069
400069
400069
400069
400069
400069
400069
400072
400072
400072
400072
400072
400072
400072
400072
400072
400073
400073
400073
400073
400073
400073
400073
400073
400073
400073
400073
400073
400073
400073
400073
400074
400074
400074
400074
400074
400074
400074
400074
400074
400074
400074
400074
400074
400074
400074
400074
400075
400075
400075
400075
400075
400075
400075
400075
400075
400075
400075
400075
400075
400075
400075
400075
400075
400075
400075
400075
400075
400075
400075
400075
400075
400075
400075
400075
400075
400075
400075
400075
400075
400075
400075
400075
400075
400075
400075
400075
400076
400076
400076
400076
400076
400076
400076
400076
400076
400076
400076
400076
400076
400076
400076
400076
400076
400076
400076
400076
400076
400076
400076
400076
400076
400076
400076
400076
400076
400076
400076
400076
400076
400076
400076
400076
400076
400076
400076
400076
400076
400076
400076
400076
400076
400076
400076
400076
400076
400076
400076
400076
400076
400076
400076
400076
400076
400076
400076
400076
400076
400076
400076
400076
400076
400076
400076
400076
400076
400076
400076
400076
400076
400076
400076
400076
400076
400076
400076
400076
400076
400076
400076
400076
400076
400076
400076
400076
400076
400076
400076
400076
400076
400076
400076
400076
400076
400076
400076
400076
400076
400076
400076
400076
400076
400076
400076
400076
400076
400076
400076
400076
400076
400076
400076
400076
400076
400076
400076
400076
400076
400076
400076
400076
400076
400076
400076
400076
400076
400076
400076
400076
400076
400076
400076
400076
400076
400076
400076
400076
400076
400076
400076
400076
400076
400076
400076
400076
400076
400076
400076
400076
400076
400076
400078
400078
400078
400078
400078
400078
400078
400078
400078
400078
400078
400078
400078
400078
400078
400078
400078
400078
400078
400078
400078
400078
400078
400078
400078
400078
400078
400078
400078
400078
400078
400078
400078
400078
400078
400078
400078
400078
400078
400079
400079
400079
400079
400079
400079
400079
400079
400079
400079
400079
400079
400079
400079
400079
400079
400079
400079
400080
400080
400080
400080
400080
400080
400080
400080
400080
400080
400080
400080
400080
400080
400080
400080
400080
400080
400080
400080
400080
400080
400080
400080
400080
400080
400080
400080
400080
400080
400080
400080
400080
400080
400080
400080
400080
400080
400080
400080
400080
400081
400081
400081
400081
400081
400081
400081
400081
400081
400081
400081
400081
400081
400081
400081
400081
400081
400081
400081
400081
400081
400081
400081
400081
400081
400081
400081
400081
400081
400081
400081
400081
400081
400081
400081
400081
400081
400081
400081
400081
400081
400081
400081
400081
400081
400081
400081
400081
400081
400081
400081
400081
400081
400081
400081
400081
400081
400081
400081
400081
400081
400081
400081
400081
400081
400081
400081
400081
400081
400081
400081
400081
400081
400081
400081
400081
400081
400081
400081
400081
400081
400081
400081
400081
400081
400081
400081
400081
400081
400081
400081
400081
400081
400081
400081
400081
400081
400081
400081
400081
400081
400081
400081
400081
400081
400084
400084
400084
400084
400084
400084
400084
400084
400084
400084
400084
400084
400084
400084
400084
400084
400084
400084
400084
400086
400086
400086
400086
400086
400086
400086
400086
400086
400086
400086
400086
400086
400086
400086
400086
400086
400086
400086
400086
400086
400086
400086
400086
400086
400086
400086
400086
400086
400086
400086
400086
400086
400086
400086
400086
400086
400086
400086
400087
400088
400088
400088
400088
400088
400088
400088
400088
400088
400088
400088
400088
400088
400088
400093
400093
400093
400093
400093
400093
400093
400093
400093
400094
400094
400094
400094
400094
400094
400094
400094
400094
400094
400094
400094
400094
400094
400094
400094
400094
400094
400094
400094
400094
400094
400094
400094
400094
400094
400094
400094
400094
400094
400094
400097
400105
400105
400105
400105
400105
400107
400107
400107
400107
400107
400107
400107
400107
400107
400107
400108
400108
400110
400110
400111
400111
400111
400111
400111
400111
400111
400111
400111
400111
400111
400111
400111
400111
400111
400111
400111
400111
400111
400111
400111
400111
400111
400111
400111
400111
400111
400111
400111
400111
400111
400111
400111
400111
400111
400111
400112
400112
400112
400112
400112
400112
400112
400112
400117
400117
400119
400119
400119
400119
400119
400119
400119
400119
400119
400119
400119
400119
400119
400119
400119
400119
400119
400119
400119
400119
400119
400119
400119
400119
400119
400119
400119
400119
400119
400119
400119
400120
400120
400120
400120
400120
400120
400120
400120
400120
400120
400120
400120
400120
400120
400120
400120
400120
400120
400120
400120
400120
400120
400120
400120
400120
400120
400120
400120
400120
400120
400120
400120
400120
400120
400120
400120
400120
400120
400120
400120
400120
400120
400120
400120
400120
400120
400120
400120
400120
400120
400120
400120
400120
400120
400120
400120
400120
400120
400120
400120
400120
400120
400120
400120
400120
400120
400120
400120
400120
400120
400120
400120
400120
400120
400120
400120
400120
400120
400120
400120
400120
400120
400120
400120
400120
400120
400120
400120
400120
400120
400120
400120
400120
400120
400120
400120
400120
400120
400120
400120
400120
400120
400120
400120
400120
400120
400120
400120
400120
400120
400120
400120
400120
400120
400120
400120
400120
400120
400120
400120
400120
400120
400120
400120
400120
400120
400120
400120
400120
400120
400120
400120
400120
400120
400120
400120
400120
400120
400120
400120
400120
400120
400120
400120
400120
400120
400120
400120
400120
400120
400120
400120
400120
400120
400120
400120
400120
400120
400120
400120
400120
400120
400120
400120
400120
400120
400120
143813
143825
143824
143821
143825
143813
143800
143822
143818
143818
143823
143817
143800
143823
143821
143813
143822
400122
400122
400122
400122
400122
400122
143813
143825
143824
143821
143825
143813
143800
143822
143818
143818
143823
143817
143800
143823
143821
143813
143822
400122
400122
400122
400123
400123
400123
400123
400123
400123
400123
400123
400123
400123
400123
400123
400123
694420
694030
694050
694020
694530
694140
694740
694452
694490
694240
694550
694350
694820
694400
694920
694620
694500
400127
400127
400127
400127
400127
400127
400127
400127
4457390
457400
456015
457310
457200
457670
457375
456560
457353
456833
456110
457610
456550
456660
456940
457662
456971
457170
457020
456913
457113
457000
456470
456446
457221
400127
400127
400127
400127
400127
400127
400127
400127
400127
400127
400127
400127
400127
400127
400127
400127
400127
400127
400127
400127
400127
400127
400127
400127
400127
400127
400127
400127
400127
400127
400127
400127
400127
400127
400127
400127
400127
400127
400127
400127
400127
400127
400127
400127
400127
400127
400127
400127
400127
400127
400127
400127
400127
400127
400127
400127
400127
400127
400127
400127
400127
400127
400127
400127
400127
400127
400127
400127
400127
694420
694030
694050
694020
694530
694140
694740
694452
694490
694240
694550
694350
694820
694400
694920
694620
694500
400138
403011
404471